ID	Int_TYPE1_N	Int_TYPE2_N
1	0.5435	16.2826
2	0.9615	13.4615
3	1.8571	1.5714
4	1.2199	10.8848
5	3.0000	1.5000
6	1.8571	2.0000
7	2.0000	1.0000
8	1.4167	1.1667
9	2.5000	1.0000
10	1.5208	1.2292
11	1.1714	20.2857
12	3.2500	0.7500
13	1.0000	1.0000
14	2.0000	1.0000
15	0.9276	21.1447
16	1.5315	1.2432
17	1.4915	24.8814
18	1.5000	13.0000
19	0.6667	35.1667
20	1.0435	18.9565
21	0.8308	7.0923
22	0.8732	22.3521
23	1.5825	13.3689
24	1.6235	14.8706
25	0.7797	12.2712
26	1.7755	18.9796
27	0.8333	22.0152
28	0.9587	7.7355
29	1.4865	14.9279
30	1.0266	11.2926
31	1.4528	0.9811
32	0.8571	1.0000
33	2.0588	1.0588
34	0.7826	6.2609
35	9.6500	1.5000
36	0.2609	0.5761
37	0.6687	0.8750
38	1.2000	1.2286
39	1.2069	1.1379
40	1.5714	1.2500
41	1.0000	2.0000
42	1.6667	1.1333
43	2.2000	0.8000
44	1.0000	1.0000
45	1.4444	1.2222
46	2.5000	0.5000
47	1.0000	1.0000
48	2.0000	3.0000
49	0.8317	6.6931
50	0.3636	1.7727
51	0.2045	1.2500
52	0.2174	2.3043
53	1.0000	11.0714
54	5.5179	5.2256
55	0.8041	1.7423
56	1.0000	1.5000
57	0.8814	7.8051
58	1.1500	1.1750
59	1.2174	1.5652
60	0.7632	8.4474
61	1.5000	1.0000
62	1.1429	24.0000
63	2.0000	1.6000
64	2.0000	1.0000
65	1.0783	12.1217
66	0.5909	20.1818
67	2.0274	31.6986
68	3.0000	1.3333
69	0.7143	21.1429
70	2.0417	2.3750
71	0.2500	1.2500
72	0.4000	1.2000
73	0.3654	0.5577
74	1.6538	1.8077
75	1.3750	2.1250
76	3.0000	4.0000
77	1.0000	1.0000
78	0.3409	0.5455
79	1.5676	9.9189
80	2.0000	1.0000
81	2.1176	1.3529
82	1.5600	2.2400
83	2.4000	2.8000
84	2.6667	1.1667
85	1.0000	1.0000
86	2.0385	1.8846
87	1.8235	1.5882
88	3.7143	2.4286
89	2.8750	2.1250
90	1.0526	8.4421
91	2.8182	2.0909
92	0.5714	1.4286
93	1.7447	1.7447
94	1.6000	1.4667
95	2.2143	2.4286
96	1.4516	1.6774
97	1.6471	11.7647
98	1.8500	2.0000
99	1.8571	2.4857
100	2.8182	9.7273
101	1.9000	11.3000
102	1.4615	1.9231
103	1.2500	2.2500
104	2.1517	7.6552
105	1.6667	1.0000
106	1.0089	1.2857
107	1.7547	1.9906
108	1.6667	2.1667
109	2.1111	1.5556
110	1.0000	2.0000
111	1.2105	1.8684
112	1.1053	1.8947
113	1.1538	2.3846
114	0.2000	0.2667
115	0.1875	0.3750
116	1.8750	2.0625
117	0.1000	0.5000
118	1.0462	9.1077
119	2.6000	2.5333
120	1.2500	1.7500
121	1.6667	1.6667
122	1.7500	1.5000
123	2.6694	5.6777
124	0.0000	0.4000
125	5.5000	2.0000
126	1.4444	6.6667
127	1.5714	1.2381
128	1.0000	7.0000
129	2.0270	1.7297
130	0.6977	1.2093
131	2.5455	9.5455
132	0.8571	1.2857
133	1.2000	10.0000
134	2.9333	2.1333
135	1.1649	1.2887
136	2.0000	1.7500
137	2.5000	8.5000
138	1.8846	5.8077
139	1.3571	2.3571
140	0.8092	5.5376
141	1.7172	2.6483
142	1.0625	1.8125
143	2.0833	1.5833
144	1.4375	1.2500
145	1.8462	1.8462
146	2.5714	7.7143
147	3.0000	4.0000
148	1.3611	2.0556
149	1.5625	1.2500
150	2.0000	3.0000
151	1.2000	1.3200
152	1.5238	2.0000
153	1.3684	0.8421
154	1.8000	2.6000
155	2.5000	2.5000
156	1.5000	1.5000
157	2.2857	1.8571
158	1.8833	2.1500
159	1.0000	1.0000
160	0.9189	2.2973
161	1.7097	1.6129
162	2.0000	1.4286
163	1.4138	0.9655
164	1.7156	2.1743
165	1.8636	1.5000
166	1.9474	2.4737
167	2.6667	2.0000
168	1.3750	1.1250
169	1.5833	1.2083
170	2.3333	1.6667
171	1.3750	0.9375
172	5.0000	70.0000
173	6.0000	61.0000
174	2.0000	1.0000
175	3.0714	1.5000
176	0.1828	0.3441
177	0.2830	0.5472
178	2.0000	1.6000
179	1.6000	2.0000
180	1.2973	0.8919
181	0.2857	0.5000
182	1.6757	1.1622
183	2.5769	2.1538
184	1.6500	1.6000
185	4.1268	33.9859
186	0.3005	0.5337
187	0.1963	0.5399
188	1.0000	1.5000
189	1.0000	0.0000
190	1.2857	1.1429
191	1.5000	1.5000
192	1.2500	1.3750
193	1.8571	1.5714
194	2.4000	2.6000
195	2.5000	1.5000
196	2.0000	1.0000
197	5.0000	2.0000
198	3.7500	39.0000
199	2.5833	1.0833
200	1.3846	1.3846
201	0.9474	1.2895
202	1.0000	2.3333
203	3.0000	2.0000
204	2.5714	31.1429
205	2.6667	1.3333
206	1.0769	1.3846
207	0.8333	10.8333
208	2.0000	22.0000
209	1.0000	51.0000
210	1.1290	2.0323
211	0.7667	5.1333
212	2.1224	5.5306
213	1.5000	1.5000
214	2.0000	2.0000
215	1.1279	33.6628
216	3.5000	2.0000
217	1.5000	1.0000
218	2.0000	1.5000
219	2.0000	1.3333
220	2.0500	2.3500
221	2.0000	1.0000
222	1.6000	4.2000
223	0.8148	6.4815
224	0.8000	8.6000
225	1.3333	5.5000
226	1.3243	12.0991
227	1.7000	1.9000
228	1.2821	1.3333
229	0.0000	11.0000
230	1.6250	1.5000
231	2.8182	1.5455
232	1.7308	1.4615
233	1.8125	4.0312
234	1.2632	1.6316
235	0.6667	0.6667
236	1.1250	1.6250
237	0.4444	1.0000
238	0.3500	1.2000
239	0.4348	1.1304
240	1.5775	3.6056
241	1.1250	1.2083
242	1.3333	1.6667
243	1.1250	0.5000
244	1.0000	0.8750
245	1.3333	1.6667
246	1.0000	2.0000
247	0.3636	0.9091
248	1.3062	4.3063
249	0.5333	1.2000
250	1.2041	2.0204
251	1.0500	1.3250
252	0.5238	0.7937
253	2.5581	18.0465
254	2.0000	1.5000
255	0.6667	2.3333
256	0.6731	0.7500
257	1.3160	6.5472
258	0.3953	0.7209
259	1.6667	10.4035
260	1.0000	1.5000
261	0.5000	1.0000
262	1.5667	2.1000
263	2.3488	7.6977
264	2.0000	68.0000
265	9.3631	6.4315
266	0.9310	1.5517
267	1.0000	1.0000
268	1.1558	67.7922
269	2.0676	8.1216
270	1.1892	0.7568
271	0.8333	1.0556
272	1.0000	1.0000
273	0.8750	1.2708
274	3.4851	3.2178
275	1.7222	1.3889
276	0.0000	53.0000
277	0.7083	0.9583
278	2.0000	2.0000
279	0.9375	1.3750
280	4.3833	2.8333
281	1.2759	1.0690
282	1.0000	0.3333
283	2.1958	4.2587
284	0.8261	0.8116
285	4.9167	28.7500
286	2.0000	1.5000
287	0.9022	0.9565
288	3.0000	32.5000
289	4.2143	30.8571
290	0.8438	0.8125
291	1.3000	1.1000
292	0.7714	0.8286
293	1.1983	15.0413
294	1.2273	1.1818
295	1.5000	1.0000
296	1.0055	1.2155
297	1.8842	44.0316
298	1.5714	1.2857
299	1.9612	13.8932
300	2.0000	109.0000
301	2.7342	13.9114
302	1.5714	1.7857
303	1.0000	0.7500
304	3.8611	13.4352
305	1.0000	1.0000
306	0.5000	0.6071
307	1.0238	1.5238
308	5.5000	15.5000
309	0.7907	1.1860
310	2.0000	1.0000
311	1.1818	1.1818
312	4.2238	18.0350
313	2.1200	11.3067
314	3.1351	10.1351
315	2.0000	1.5000
316	1.8621	2.0690
317	1.8333	1.6667
318	1.9279	25.0631
319	4.0000	11.0909
320	4.5000	8.2500
321	2.8067	2.1261
322	0.9831	1.2034
323	6.7059	4.0588
324	5.5000	4.5000
325	6.0000	2.4286
326	1.0000	1.0000
327	0.5000	1.0000
328	3.6667	4.0000
329	1.5000	11.0000
330	1.0000	1.6000
331	1.2766	16.1915
332	7.0000	32.5000
333	2.0870	16.4783
334	7.8182	2.4949
335	1.1429	1.2857
336	2.6667	15.5833
337	1.0000	10.0000
338	1.9000	1.7000
339	1.2703	1.3514
340	1.2414	1.0000
341	2.3200	22.0000
342	2.0667	19.4333
343	2.4167	1.4167
344	1.5000	1.1667
345	0.6078	8.0000
346	0.3198	1.8964
347	2.6457	13.0551
348	0.7664	17.9346
349	1.7500	1.2500
350	1.9589	6.0475
351	1.3590	1.6923
352	2.5000	2.5000
353	1.3333	1.6667
354	2.6667	19.3333
355	1.1875	1.6562
356	1.0000	2.0000
357	1.1667	1.2500
358	0.5135	0.6216
359	1.2500	1.3125
360	1.0000	1.1667
361	1.0000	0.5000
362	0.6000	0.8000
363	0.1429	0.8571
364	1.0000	1.2759
365	0.8571	0.7143
366	1.2500	1.7500
367	1.0000	1.0000
368	0.4390	1.2683
369	5.5385	8.4038
370	1.4667	1.3333
371	0.7619	1.2857
372	0.6000	1.2000
373	1.5000	2.5000
374	1.8182	1.3636
375	1.5000	2.0000
376	8.8632	29.0421
377	1.4286	4.7857
378	1.6000	1.2000
379	1.0000	1.0000
380	3.0000	4.0000
381	2.3529	6.8529
382	1.0000	44.0000
383	3.0000	9.0000
384	2.0000	7.4872
385	5.0000	214.0000
386	1.9701	15.1198
387	4.1833	14.5750
388	1.2667	11.5111
389	1.0000	2.0000
390	0.9587	50.0909
391	0.8750	6.5000
392	0.4722	1.3056
393	0.5000	0.0000
394	0.4815	1.3519
395	0.3750	0.5625
396	0.0667	1.2000
397	0.4138	0.3448
398	0.1579	0.6842
399	2.0000	22.0000
400	0.3621	0.7586
401	0.5667	0.9000
402	0.0000	0.0000
403	0.4000	1.0000
404	0.8571	0.7143
405	0.2000	0.8000
406	0.2593	0.3333
407	0.5000	0.7500
408	1.0000	1.0000
409	0.1429	0.9286
410	1.5743	14.9257
411	0.5455	1.0909
412	0.5714	1.3571
413	0.4444	0.7222
414	1.4444	22.4630
415	0.8421	1.1579
416	0.1765	0.6471
417	1.4286	13.0952
418	0.4583	1.2083
419	3.5000	21.0000
420	0.6250	0.8750
421	0.3125	0.8125
422	1.5683	15.7338
423	0.8571	1.2857
424	0.5000	1.0000
425	0.0000	0.2857
426	1.1963	6.2430
427	0.3846	10.9231
428	1.7864	38.9223
429	0.8333	58.0333
430	1.3333	24.8333
431	2.0000	28.3333
432	0.5727	29.3091
433	1.4565	14.6186
434	2.2410	11.0723
435	1.0000	48.3333
436	4.6667	1.6667
437	2.5000	54.0000
438	5.0222	2.1833
439	0.8413	66.7302
440	0.2857	7.2857
441	0.6620	43.5915
442	1.2941	5.2647
443	0.3488	0.4419
444	3.3333	11.6667
445	2.3750	10.0000
446	1.7000	1.6000
447	1.8125	8.6250
448	0.0000	0.0000
449	2.0939	26.0331
450	0.0000	1.0000
451	1.9706	8.6765
452	13.3750	2.7500
453	6.0000	3.0000
454	0.3869	4.0357
455	8.0000	56.0000
456	3.2353	9.1176
457	2.0000	13.6667
458	2.0000	26.1429
459	4.6703	29.6813
460	4.6667	15.0000
461	1.9500	46.4500
462	1.9167	36.2500
463	3.6126	7.7928
464	0.9167	2.8750
465	0.9231	26.7231
466	1.0000	2.0000
467	1.2083	27.2917
468	2.5439	45.3860
469	0.3333	1.0000
470	0.2381	0.9048
471	1.2143	21.9286
472	0.5000	30.0000
473	0.2083	0.3125
474	1.9561	10.6842
475	1.0000	20.0000
476	2.2500	7.7500
477	2.0000	11.0000
478	1.0784	7.3922
479	1.8462	21.9231
480	1.8944	13.0915
481	4.6176	6.3235
482	0.0455	0.2727
483	11.3500	27.6500
484	0.7937	6.5794
485	2.2632	21.1789
486	0.2308	0.5769
487	1.8551	25.0870
488	14.1111	16.8889
489	0.6154	3.0256
490	0.3200	1.2000
491	17.5000	39.1000
492	2.0476	13.2381
493	0.7692	2.2769
494	0.7273	1.0000
495	31.0000	11.0000
496	1.0000	24.5000
497	3.0000	58.5000
498	1.6542	27.1028
499	1.5000	5.5000
500	1.1452	1.8548
501	1.0833	1.1667
502	2.3333	22.3333
503	1.8621	7.0000
504	1.0000	1.8333
505	1.0000	2.0000
506	1.3846	6.5538
507	2.4286	8.5714
508	7.9450	8.4267
509	3.1667	27.5000
510	3.0000	31.0000
511	0.9900	22.9500
512	0.7164	20.1455
513	1.4118	16.2500
514	2.5068	19.3151
515	2.0000	28.0000
516	1.3333	2.0000
517	3.0000	27.3750
518	3.7143	10.1429
519	1.5694	5.6250
520	0.5946	1.1622
521	22.5000	48.0000
522	0.7037	3.2593
523	1.6585	3.6585
524	3.5705	12.1275
525	0.8322	5.2928
526	0.3534	0.9850
527	6.5000	7.5000
528	0.3671	1.0127
529	0.2222	1.5556
530	1.4000	26.4000
531	12.9610	10.4156
532	2.5526	25.7105
533	3.0000	62.0000
534	1.1250	7.4000
535	5.7391	23.3478
536	1.2000	6.8000
537	2.2571	4.5943
538	0.7368	8.0526
539	1.6667	10.0833
540	1.0000	5.0000
541	5.9118	6.4176
542	6.5000	27.0000
543	3.2727	6.4675
544	3.0000	17.5000
545	3.6667	2.0000
546	7.0000	17.0000
547	2.4000	2.2000
548	3.7500	18.0833
549	1.5000	0.5000
550	1.4333	4.2333
551	3.7692	27.0000
552	1.5455	11.7273
553	5.1429	25.1429
554	6.9744	10.0769
555	7.4286	22.1429
556	0.8192	18.2260
557	3.3203	20.1719
558	3.4545	35.3939
559	4.5909	8.7045
560	4.8387	21.6129
561	1.0000	19.8571
562	1.2599	12.9492
563	0.9277	55.6145
564	4.2973	10.6216
565	0.9841	38.0159
566	2.2744	54.3049
567	1.6667	12.7778
568	7.4400	10.4400
569	3.6000	13.6000
570	6.6000	7.4000
571	0.4091	5.2273
572	0.7193	3.9649
573	4.7778	11.8889
574	2.6667	28.3333
575	1.6429	13.6429
576	2.0000	8.6000
577	2.8312	8.9091
578	19.0000	25.0000
579	2.5017	18.3449
580	3.2000	18.4000
581	1.9275	26.4819
582	5.1429	26.4286
583	4.3333	18.0000
584	3.8182	17.4091
585	12.8947	6.1754
586	18.3929	32.5000
587	6.9162	5.9791
588	8.7781	4.7278
589	10.0000	1.5000
590	26.8333	1.6667
591	12.0000	3.0000
592	13.1385	1.8923
593	13.0000	2.0000
594	19.0909	7.8788
595	31.5000	1.3333
596	1.8846	8.4615
597	1.7500	1.8750
598	2.2143	11.3571
599	6.0000	17.0000
600	3.7500	13.3750
601	6.0000	25.0000
602	4.8000	3.8000
603	2.6667	18.5088
604	1.5759	8.3987
605	2.0000	11.1818
606	3.3625	16.2875
607	6.1429	5.4286
608	7.9167	9.9167
609	12.0000	11.5000
610	12.4000	4.8000
611	7.4667	6.8000
612	2.3772	5.2632
613	3.2183	4.4236
614	4.6000	7.1333
615	13.1667	15.3333
616	8.1029	2.0647
617	0.5672	3.8358
618	15.3333	2.3333
619	15.6875	2.5625
620	13.4071	1.9558
621	2.1429	2.3312
622	22.0000	1.5000
623	2.0549	3.4939
624	18.0000	2.0000
625	7.0000	36.0000
626	1.3158	27.2105
627	2.5000	17.0000
628	1.3542	17.0000
629	4.5000	30.0000
630	20.8095	1.5714
631	5.0000	27.5000
632	21.4400	2.2800
633	3.2500	23.6250
634	4.0000	37.5000
635	2.3173	14.6202
636	17.7000	2.2000
637	23.8000	1.6571
638	5.0000	3.0000
639	9.7647	1.4706
640	4.5946	2.5405
641	12.0000	1.0000
642	8.3714	1.3714
643	2.5000	3.0000
644	12.6667	2.0000
645	14.5000	2.0000
646	0.2923	0.8000
647	1.0000	9.3333
648	8.4000	7.6000
649	13.8750	3.1250
650	0.6923	11.8462
651	3.3913	14.3043
652	9.6000	18.5333
653	4.1667	1.1667
654	5.7391	1.8261
655	11.8377	1.9091
656	7.4231	2.0385
657	13.1923	1.5000
658	8.6962	2.3038
659	4.1724	1.3103
660	9.0000	3.0000
661	2.9314	1.9804
662	1.9487	1.5513
663	2.8736	1.7241
664	4.4400	2.2800
665	5.9123	2.4912
666	4.2500	2.0357
667	2.8214	1.6429
668	8.4286	2.2000
669	3.0000	1.6970
670	1.4545	5.4000
671	2.5000	9.5000
672	0.6158	10.9507
673	1.0000	33.4444
674	1.0000	37.0000
675	2.6825	2.3175
676	2.6290	2.9516
677	3.0000	0.5000
678	2.6786	1.2024
679	3.7209	3.4884
680	2.2045	1.0909
681	4.9821	3.1696
682	3.8649	0.9189
683	7.0000	1.3333
684	7.5000	3.0000
685	7.5000	1.5000
686	9.0000	0.0000
687	15.7762	1.7552
688	3.4762	2.0000
689	3.0932	1.9915
690	0.0000	1.5000
691	0.0000	3.0000
692	0.3333	3.2222
693	0.0873	1.3889
694	1.0000	2.0000
695	0.1250	6.1875
696	0.1026	1.2821
697	0.0000	1.0000
698	0.0000	4.6667
699	0.0000	2.0000
700	0.6667	7.0000
701	11.1435	1.5024
