ID	Int_TYPE1_N	Int_TYPE2_N	Cell area	Roundness	Solidity
1	29.0958	60.4799	65.1045	0.6997	0.9158
2	35.2914	67.5318	18.3106	0.8607	0.9301
3	28.5874	49.5543	79.5854	0.7525	0.898
4	48.1122	96.0883	101.0077	0.927	0.9462
5	46.2419	98.3351	70.1309	0.8033	0.9302
6	38.6998	85.8303	109.6245	0.8698	0.8954
7	49.8831	135.6739	90.5958	0.9502	0.9215
8	49.588	137.4415	105.7948	0.8203	0.9228
9	79.3045	18.8872	42.7248	0.7004	0.8613
10	49.4347	180.7433	36.1426	0.8146	0.8922
11	62.6633	18.4184	35.0655	0.7369	0.9043
12	24.3596	64.0688	15.0793	0.6537	0.9265
13	90.9916	33.1742	25.4913	0.7085	0.9045
14	73.0686	24.9708	18.909	0.6129	0.8802
15	43.5683	122.4619	53.2564	0.5726	0.9138
16	43.8585	120.0846	68.4554	0.652	0.9362
17	68.5433	30.9067	129.0122	0.7711	0.8482
18	48.8123	116.4346	42.6051	0.6491	0.8979
19	76.989	38.4884	36.7409	0.489	0.854
20	81.0773	27.7679	12.8055	0.945	0.856
21	103.1853	46.3579	31.7145	0.713	0.8893
22	58.8007	134.0164	48.589	0.7178	0.9227
23	79.495	44.3314	71.6867	0.5339	0.8024
24	55.342	155.6777	58.5222	0.6198	0.8756
25	54.3493	164.9853	134.278	0.9038	0.9311
26	52.0349	125.7715	60.3174	0.8241	0.9265
27	98.0408	32.8462	35.3048	0.8755	0.878
28	53.0302	163.7106	75.1574	0.8631	0.9422
29	109.0532	35.0281	53.6155	0.9507	0.9032
30	53.8432	152.5778	42.6051	0.7528	0.9332
31	52.3376	118.0975	19.5074	0.8256	0.8647
32	52.5435	110.8228	71.208	0.7986	0.9261
33	49.3168	166.9967	25.3716	0.8336	0.9298
34	33.5702	196.8461	20.8239	0.6001	0.9158
35	54.046	196.2481	97.0583	0.6665	0.9077
36	43.5402	169.267	50.8629	0.9445	0.9465
37	52.7422	137.957	112.6164	0.7305	0.928
38	43.4673	149.0128	80.0642	0.9372	0.9183
39	67.1733	24.1319	23.6961	0.6633	0.839
40	80.4924	28.7236	57.8042	0.6477	0.8887
41	49.5559	121.1349	102.4438	0.6766	0.8323
42	55.3013	149.9837	62.9503	0.7518	0.9252
43	51.4045	23.4252	28.0045	0.4847	0.8948
44	60.2807	28.5259	29.5603	0.8743	0.8651
45	46.1668	255	10.2923	0.7846	0.9149
46	40.5024	142.3535	20.5845	0.3321	0.8289
47	107.4665	30.6501	42.9642	0.8874	0.8537
48	62.2598	149.6307	46.7938	0.6843	0.9321
49	45.9296	189.6251	26.329	0.7733	0.911
50	42.366	116.7803	56.009	0.8463	0.9571
51	78.3285	34.4495	16.2761	0.8614	0.7577
52	56.5208	116.8166	22.26	0.8857	0.9163
53	51.5965	129.7879	26.9274	0.8172	0.9494
54	45.3304	151.2229	44.1609	0.8448	0.9283
55	47.745	132.129	66.6603	0.8119	0.9291
56	63.5094	34.2999	19.9861	0.8711	0.8907
57	120.7965	35.6548	42.6051	0.7053	0.863
58	48.0272	142.1708	79.5854	0.8979	0.9054
59	62.3289	158.5477	39.4935	0.6138	0.8967
60	138.3461	34.7766	48.23	0.5467	0.8413
61	94.3292	32.2974	46.3151	0.7122	0.8697
62	53.8975	163.1571	55.2909	0.5836	0.9068
63	78.5254	95.6653	101.6061	0.7565	0.9203
64	126.608	34.23	37.1	0.6551	0.8895
65	101.0067	109.4166	80.0642	0.4595	0.8295
66	118.3953	58.3863	27.5258	0.8651	0.9237
67	97.101	17.6685	10.6513	0.8153	0.7672
68	105.676	45.0438	66.1816	0.7033	0.8778
69	46.696	180.6048	61.6338	0.8313	0.9075
70	59.1565	147.3004	81.2609	0.6002	0.8296
71	51.3315	185.9868	39.7329	0.7746	0.9146
72	138.5867	31.1233	45.3577	0.7921	0.8575
73	63.8431	121.0233	118.7199	0.7311	0.8468
74	114.6327	41.4839	19.6271	0.7092	0.8747
75	141.4376	30.934	47.5119	0.6674	0.7291
76	167.0334	42.1338	45.8364	0.8691	0.9141
77	24.3748	191.4314	14.1219	0.9073	0.9112
78	122.4605	52.336	53.9745	0.7553	0.8869
79	48.2829	237.4203	10.2923	0.6578	0.9053
80	164.6842	35.5426	50.7432	0.6443	0.8769
81	95.3786	32.6212	46.3151	0.6549	0.8736
82	54.802	220.4255	187.2951	0.5651	0.8869
83	104.6807	40.1855	40.5706	0.4613	0.8486
84	237.9698	20.0632	19.5074	0.8173	0.7261
85	134.3664	39.516	55.4106	0.6363	0.8622
86	44.5458	151.5535	66.5406	0.767	0.9274
87	158.2465	40.9213	75.8754	0.7392	0.8849
88	255	39.4602	18.0713	0.5408	0.8604
89	81.3155	26.1745	23.9355	0.4709	0.8048
90	118.8449	32.9082	56.9664	0.6932	0.8366
91	198.5701	27.2545	68.6948	0.5408	0.858
92	72.9773	118.2209	75.6361	0.5848	0.9054
93	75.451	153.2038	48.7087	0.8726	0.9136
94	173.2269	38.2026	48.3497	0.7528	0.7807
95	179.7525	42.6413	92.5106	0.8426	0.9052
96	206.3786	33.7696	31.1161	0.6592	0.8638
97	64.3522	136.354	102.3241	0.7062	0.9159
98	104.3849	27.1843	30.8768	0.7319	0.8614
99	102.6737	122.3678	114.7706	0.6077	0.9022
100	171.0732	49.5958	14.2416	0.6249	0.8881
101	115.3808	44.1648	102.6832	0.7963	0.7796
102	122.7444	35.4799	225.3525	0.4813	0.8282
103	163.352	22.5361	43.9216	0.6283	0.8303
104	181.3881	27.6894	74.0803	0.6132	0.7738
105	48.819	78.3898	138.9454	0.6396	0.9401
106	199.1682	13.9159	13.5235	0.6434	0.8593
107	179.6741	27.4354	100.529	0.5479	0.8304
108	220.3322	20.3833	14.1219	0.8078	0.831
109	122.0854	77.5755	45.238	0.9383	0.8821
110	167.3796	25.774	32.7916	0.6687	0.8911
111	155.7196	27.4052	72.1654	0.6353	0.7528
112	136.8506	36.19	78.269	0.7477	0.914
113	103.1862	19.4035	34.108	0.6504	0.8432
114	103.7964	33.5764	39.4935	0.6846	0.8673
115	109.503	32.0282	46.6742	0.5982	0.8228
116	132.4769	39.114	98.9732	0.5082	0.8561
117	98.4939	43.5436	11.0103	0.8416	0.9064
118	62.4356	19.8282	18.909	0.7057	0.9159
119	154.8195	45.546	78.8674	0.5844	0.8609
120	112.1318	13.337	16.3958	0.7728	0.8726
121	132.1813	28.3289	45.1184	0.6844	0.9008
122	146.1883	64.2472	26.9274	0.9622	0.8824
123	160.8333	18.9588	11.9677	0.8432	0.8734
124	164.0175	28.3081	42.7248	0.7158	0.8804
125	173.1894	25.3741	25.4913	0.7007	0.9122
126	179.7122	37.2017	133.3206	0.6517	0.8656
127	129.9536	61.1367	39.6132	0.7959	0.9194
128	53.5723	21.9831	23.2174	0.6842	0.8453
129	188.4243	20.212	15.9171	0.8129	0.7917
130	147.7781	23.0872	238.7563	0.4892	0.754
131	153.9342	43.8634	56.9664	0.6444	0.8631
132	139.9227	20.6379	62.4716	0.4789	0.8049
133	116.0837	46.6245	44.1609	0.7371	0.9066
134	146.7071	35.8214	31.9539	0.6627	0.893
135	51.404	28.2604	13.2842	0.7998	0.8473
136	80.534	33.6101	31.5948	0.6741	0.8237
137	173.0268	23.3659	43.5626	0.5795	0.8436
138	139.4079	32.0084	52.658	0.6046	0.867
139	98.7184	32.577	32.5522	0.6045	0.8649
140	165.7675	31.8002	53.8548	0.7264	0.9
141	115.0316	33.7424	52.0596	0.8144	0.9148
142	89.5432	19.1119	54.0942	0.5309	0.8203
143	130.7912	24.4295	107.7096	0.6896	0.8399
144	177.1946	24.9353	44.7593	0.6689	0.8598
145	224.1113	25.8374	34.2277	0.6207	0.8102
146	88.0642	36.1555	36.3819	0.3662	0.8527
147	213.6023	20.9449	21.7813	0.7894	0.8922
148	109.2624	23.8231	93.109	0.8458	0.8937
149	96.622	23.7527	50.1448	0.7719	0.8684
150	155.3758	18.4386	43.9216	0.8632	0.8004
151	137.2365	31.4094	95.7419	0.8514	0.8607
152	118.0976	21.0171	57.6845	0.5886	0.8346
153	150.5786	22.8977	52.4187	0.6601	0.8497
154	167.11	20.2474	13.6432	0.7202	0.9306
155	98.4806	21.9925	83.4151	0.9114	0.7862
156	55.8744	18.5042	22.3797	0.6253	0.8078
157	136.6613	23.7983	210.0338	0.8539	0.7959
158	143.1242	26.8721	56.368	0.704	0.8464
159	96.8087	33.3024	150.6738	0.6076	0.8671
160	144.4896	16.6297	14.7203	0.3796	0.9077
161	85.8908	21.4508	29.68	0.6701	0.9185
162	124.9088	22.5538	17.3532	0.4794	0.8951
163	29.7636	37.7038	12.8055	0.6808	0.8359
164	23.8597	26.2678	31.2358	0.7444	0.9206
165	23.1548	26.3205	10.771	0.5515	0.8824
166	65.0071	28.1052	98.4945	0.7625	0.8276
